-0.13824 0.342115
0.61265 0.369015
1.4548 0.320131
2.15898 0.470295
2.88517 0.975843
3.54879 1.42348
4.32269 1.77292
5.08813 2.0655
5.82496 2.3597
6.60694 2.69136
7.23925 3.10461
7.88978 3.5237
8.46649 4.1227
9.02278 4.72425
9.51752 5.39696
10.0447 5.98414
10.7598 6.4496
11.5972 6.80538
12.225 7.20442
12.8678 7.70255
13.557 8.15843
14.1056 8.6849
14.8224 9.03493
15.5844 9.40303
16.2288 9.91681
16.7735 10.4312
17.4388 11.0051
17.7891 11.6956
18.1363 12.3803
18.5589 13.1409
18.9923 13.8161
19.4326 14.4734
19.9599 15.0464
20.5469 15.571
21.2487 16.0027
22.0354 16.2799
22.7913 16.5499
23.537 16.8797
24.3284 17.089
25.0227 17.4037
25.8337 17.5334
26.5099 17.8164
27.2102 18.1211
27.9409 18.4815
28.617 18.8182
29.4314 19.1357
30.0879 19.5935
30.6308 20.2192
31.2735 20.7121
31.9207 21.0772
32.6763 21.4308
33.3148 21.8562
34.1013 22.2191
34.8954 22.3515
35.5398 22.7546
36.0797 23.3483
36.7331 23.8426
37.3595 24.3052
37.9821 24.7824
38.5784 25.3597
39.1778 25.9111
39.7774 26.4684
40.5142 26.7603
41.3047 26.9763
42.0962 26.9895
42.8993 27.0229
43.7802 26.9183
44.4852 26.6914
45.2818 26.3997
45.9357 26.0051
46.6446 25.6001
47.3747 25.2783
48.0469 24.8585
48.5986 24.2739
49.0527 23.5711
49.2856 22.8045
49.5532 22.0709
49.7662 21.2825
50.0809 20.5443
50.2412 19.8193
50.5934 19.0402
50.7997 18.2238
51.1212 17.5293
51.4506 16.8177
51.6719 16.0314
51.7763 15.2476
51.7436 14.4704
51.7824 13.6625
51.7877 12.8255
51.8507 12.0602
52.1025 11.3091
52.3752 10.5861
52.7492 9.85554
53.0455 9.03092
53.5295 8.30488
11.4383 1.87555
21.78 21.589
54.9495 30.2551
48.9272 23.071
18.5687 0.0817364
58.0118 11.2757
57.782 0.532771
59.3408 8.30906
31.8198 16.6061
16.6223 17.9243
51.708 34.2238
33.1274 19.6378
43.2382 20.7435
35.0718 17.8596
10.9057 0.274667
33.5057 29.2616
50.586 33.2433
38.0721 34.092
8.98967 0.0646481
39.3064 21.6604
27.6368 15.3955
35.064 30.4346
43.6466 26.5956
58.6281 25.1514
1.01624e-17 1.17691e-18
0.727798 0.182987
1.55768 0.32875
2.2094 0.628263
2.79676 1.28406
3.34682 1.8423
4.00896 2.3724
4.68271 2.84205
5.3313 3.2908
6.00977 3.81356
6.53018 4.36571
7.0667 4.93916
7.49182 5.65824
7.88971 6.36358
8.20619 7.13542
8.57509 7.82323
9.15145 8.44627
9.8727 8.98626
10.3873 9.52765
10.8931 10.1615
11.4529 10.7726
11.8635 11.4156
12.4896 11.9167
13.1413 12.4599
13.6485 13.1114
14.0732 13.7355
14.5857 14.4553
14.7635 15.2112
14.9504 15.9599
15.1704 16.8031
15.4306 17.5631
15.6925 18.3084
16.071 18.9902
16.5155 19.6425
17.089 20.2325
17.7909 20.6903
18.4526 21.1422
19.0941 21.644
19.8177 22.0269
20.4096 22.5087
21.1675 22.826
21.7523 23.2724
22.3586 23.7356
22.9796 24.2591
23.5531 24.7527
24.2651 25.2563
24.7914 25.8662
25.168 26.6027
25.6707 27.2337
26.2095 27.7471
26.8589 28.2755
27.3745 28.8403
28.0499 29.3832
28.7898 29.7051
29.3174 30.2551
29.698 30.9616
30.2096 31.6012
30.7076 32.1991
31.1947 32.8137
31.6327 33.5182
32.0789 34.1991
32.526 34.8842
33.1682 35.3456
33.8782 35.7495
34.6373 35.9517
35.388 36.1602
36.2163 36.2431
36.998 36.2322
37.8609 36.1473
38.6011 35.9247
39.3943 35.7067
40.1825 35.5676
40.9395 35.3204
41.6234 34.8872
42.2492 34.3065
42.6413 33.6194
43.0754 32.9782
43.4726 32.2693
43.956 31.6318
44.2862 30.9696
44.8154 30.3022
45.2119 29.5601
45.6912 28.9639
46.1764 28.3499
46.5863 27.6456
46.8886 26.9184
47.034 26.1514
47.2697 25.3767
47.4795 24.567
47.733 23.8474
48.1579 23.1791
48.5892 22.5249
49.1357 21.9047
49.6327 21.189
50.2746 20.5953
10.9112 4.41938
16.3389 25.8287
46.3282 42.1518
42.2945 34.1854
18.1393 4.00314
53.7621 24.2875
56.294 14.074
55.8775 22.0519
27.0969 23.5589
13.0471 20.7968
42.2091 45.2987
27.7181 26.6855
37.2321 29.8436
29.9496 25.3517
10.7913 2.50312
25.9483 36.0502
40.9003 44.3333
28.4392 41.7377
8.94534 1.61234
33.2332 29.7987
23.3667 21.2291
27.057 37.5965
36.0944 36.1712
51.2897 37.9253
