-0.13824 0.342115
0.61265 0.369015
1.4548 0.320131
2.15898 0.470295
2.88517 0.975843
3.54879 1.42348
4.32269 1.77292
5.08813 2.0655
5.82496 2.3597
6.60694 2.69136
7.23925 3.10461
7.88978 3.5237
8.46649 4.1227
9.02278 4.72425
9.51752 5.39696
10.0447 5.98414
10.7598 6.4496
11.5972 6.80538
12.225 7.20442
12.8678 7.70255
13.557 8.15843
14.1056 8.6849
14.8224 9.03493
15.5844 9.40303
16.2288 9.91681
16.7735 10.4312
17.4388 11.0051
17.7891 11.6956
18.1363 12.3803
18.5589 13.1409
18.9923 13.8161
19.4326 14.4734
19.9599 15.0464
20.5469 15.571
21.2487 16.0027
22.0354 16.2799
22.7913 16.5499
23.537 16.8797
24.3284 17.089
25.0227 17.4037
25.8337 17.5334
26.5099 17.8164
27.2102 18.1211
27.9409 18.4815
28.617 18.8182
29.4314 19.1357
30.0879 19.5935
30.6308 20.2192
31.2735 20.7121
31.9207 21.0772
32.6763 21.4308
33.3148 21.8562
34.1013 22.2191
34.8954 22.3515
35.5398 22.7546
36.0797 23.3483
36.7331 23.8426
37.3595 24.3052
37.9821 24.7824
38.5784 25.3597
39.1778 25.9111
39.7774 26.4684
40.5142 26.7603
41.3047 26.9763
42.0962 26.9895
42.8993 27.0229
43.7802 26.9183
44.4852 26.6914
45.2818 26.3997
45.9357 26.0051
46.6446 25.6001
47.3747 25.2783
48.0469 24.8585
48.5986 24.2739
49.0527 23.5711
49.2856 22.8045
49.5532 22.0709
49.7662 21.2825
50.0809 20.5443
50.2412 19.8193
50.5934 19.0402
50.7997 18.2238
51.1212 17.5293
51.4506 16.8177
51.6719 16.0314
51.7763 15.2476
51.7436 14.4704
51.7824 13.6625
51.7877 12.8255
51.8507 12.0602
52.1025 11.3091
52.3752 10.5861
52.7492 9.85554
53.0455 9.03092
53.5295 8.30488
11.4383 1.87555
21.78 21.589
54.9495 30.2551
48.9272 23.071
18.5687 0.0817364
58.0118 11.2757
57.782 0.532771
59.3408 8.30906
31.8198 16.6061
16.6223 17.9243
51.708 34.2238
33.1274 19.6378
43.2382 20.7435
35.0718 17.8596
10.9057 0.274667
33.5057 29.2616
50.586 33.2433
38.0721 34.092
8.98967 0.0646481
39.3064 21.6604
27.6368 15.3955
35.064 30.4346
43.6466 26.5956
58.6281 25.1514
7.40101e-12 -8.3634e-12
0.789899 0.199666
1.66311 0.363925
2.11389 1.04453
2.72806 1.41319
3.38657 1.96829
4.07225 1.85953
4.65089 2.76838
5.4488 3.33291
5.76861 3.49382
6.4243 4.24343
6.91805 4.88644
7.41502 5.63969
7.88815 6.52526
8.01057 7.21371
8.53801 8.07282
8.94415 8.65376
9.71497 9.22762
10.2056 9.82831
10.6577 10.4736
11.3947 11.1845
11.6021 11.9239
12.0658 12.5782
12.7765 13.0645
13.2448 13.8097
13.4408 14.5388
13.8943 15.4627
14.1152 16.0083
14.2324 16.8786
14.4286 17.782
14.7433 18.558
14.9886 19.3284
15.3625 20.2044
15.6637 20.9178
16.2648 21.4826
17.0404 22.1486
17.6783 22.65
18.3324 23.1878
19.1556 23.5841
19.7749 24.1589
20.4646 24.583
21.1219 25.0038
21.7186 25.7224
22.3998 26.1567
22.8373 26.5309
23.6439 27.2523
24.075 27.8202
24.4779 28.6146
24.8722 29.3504
25.49 29.8344
26.0656 30.4602
26.6307 31
27.3522 31.6698
28.083 32.0067
28.6392 32.6515
29.0266 33.3927
29.5758 34.1347
30.0572 34.7926
30.5415 35.4277
31.0456 36.2446
31.5364 36.9659
31.9355 37.7123
32.6299 38.2578
33.297 38.767
34.1043 38.9113
34.7719 39.0471
36.4761 39.5221
36.6838 39.5096
37.5342 39.4523
38.4006 39.2602
39.3227 38.8364
40.1333 38.8795
41.067 38.5113
41.8587 38.2103
41.978 38.7014
43.2816 36.5986
43.6364 35.9941
44.0258 35.3146
44.6947 34.7703
45.0627 34.1136
45.8494 33.3896
46.0495 32.7325
46.5268 31.9783
47.0628 31.4816
47.5676 30.8067
47.9803 29.9462
48.1776 29.1509
48.3094 27.9368
48.4868 26.8833
48.9507 26.2594
49.4771 26.1074
49.9901 25.6588
50.6823 24.8866
51.2345 23.9478
51.976 23.3052
10.9065 4.61008
15.3206 27.3898
46.7381 46.8345
42.4299 37.5534
18.595 4.59222
55.1323 27.7594
58.8179 16.6721
57.8646 25.2143
26.912 25.4589
11.9125 21.5114
41.9116 49.8853
27.2813 28.7771
36.8643 32.7022
29.5679 27.5178
10.8232 2.67661
24.7673 38.3483
40.613 48.5985
27.4122 45.0166
8.97537 1.68072
32.5495 32.3696
22.9492 22.8304
25.9231 40.0978
35.8254 39.3863
51.9714 42.3932
